287.33
285.874
298.987
308.954
307.996
315.889
310.847
304.651
307.709
307.503
290.813
274.316
289.957
299.039
301.234
284.748
294.109
291.603
306.859
301.102
301.336
306.322
289.906
301.154
298.14
291.94
292.192
299.022
307.102
306.315
291.733
287.952
302.551
286.735
283.396
305.611
298.222
291.592
301.986
294.762
295.565
302.582
290.016
305.782
305.176
303.396
306.32
297.848
290.843
300.943
301.478
311.125
304.358
299.484
306.676
309.5
294.216
305.484
301.624
298.784
300.853
309.007
300.497
288.799
300.47
305.41
312.129
303.692
307.826
292.365
305.258
296.432
294.313
289.125
303.914
295.629
303.04
299.921
312.196
293.293
298.261
297.506
312.122
298.534
301.346
277.044
300.086
308.214
308.703
303.067
306.242
305.169
315.254
315.463
291.739
308.588
311.17
308.861
302.557
302.044
302.959
304.81
304.588
288.354
298.999
308.765
307.279
314.568
308.854
302.719
301.681
293.679
316.532
289.211
308.97
306.0
303.559
296.219
308.799
295.066
307.624
289.553
296.252
299.181
287.042
309.578
312.89
310.505
284.193
298.155
296.713
308.017
297.439
309.571
299.031
301.355
291.387
293.852
305.043
306.642
316.729
308.5
293.716
299.876
292.14
308.81
300.007
309.125
306.984
297.009
299.111
297.925
298.821
303.292
297.008
293.13
306.196
310.5
303.076
306.826
317.086
291.175
311.759
293.421
312.902
299.079
303.066
303.261
298.884
286.98
307.641
300.868
307.06
304.694
310.27
315.217
293.21
305.793
309.292
312.388
310.796
302.273
306.109
307.578
302.745
288.844
305.33
296.9
295.221
292.313
277.934
307.235
295.816
302.961
303.629
306.444
302.457
289.991
304.929
304.149
299.057
302.187
298.51
299.037
298.111
301.096
311.307
287.792
305.761
298.986
299.398
304.884
292.754
313.65
301.87
287.533
307.132
285.272
305.2
316.098
294.778
290.949
277.188
311.559
304.573
292.078
304.417
310.502
293.72
300.781
293.18
309.201
303.01
303.504
304.78
294.203
313.43
303.916
294.937
296.245
293.333
290.907
304.349
316.878
315.191
301.236
301.261
301.808
302.176
298.099
295.303
297.395
302.622
301.553
293.582
299.555
294.994
304.127
305.094
308.536
308.915
300.626
301.165
308.246
297.878
304.261
308.901
303.559
301.646
312.626
273.314
297.174
294.329
307.1
297.455
303.82
315.269
296.004
301.966
299.625
301.793
301.119
310.032
307.65
312.151
296.219
302.935
315.85
294.142
291.352
309.456
303.431
288.461
283.289
290.399
298.294
302.845
294.663
311.413
312.877
296.282
302.897
291.923
300.755
295.849
294.421
314.415
300.525
292.146
299.768
308.572
295.201
299.09
293.657
298.778
294.82
300.303
298.997
307.487
293.274
292.633
294.326
300.663
293.796
300.008
300.663
310.578
308.018
315.637
303.245
318.908
312.689
291.506
294.562
287.766
303.307
293.133
308.835
296.062
305.364
298.211
293.68
308.028
306.269
294.794
302.618
313.413
306.114
311.804
300.079
296.735
300.364
306.562
306.531
302.334
300.648
298.481
295.736
294.376
304.548
316.089
304.037
293.51
296.471
295.4
305.683
304.529
316.402
303.867
290.23
292.357
299.697
314.219
305.99
291.827
303.704
297.936
304.474
302.754
303.718
315.644
305.927
296.811
302.222
303.52
296.945
305.76
298.272
303.016
306.572
311.487
308.146
301.69
289.199
305.115
305.024
293.841
308.628
311.018
299.595
294.036
302.768
305.294
302.606
309.542
306.269
314.188
293.623
307.469
306.47
300.838
296.738
309.44
303.693
298.476
297.3
319.038
297.195
297.735
295.5
297.227
297.762
310.187
301.44
307.523
299.927
298.175
296.984
291.826
306.329
295.077
300.874
292.932
303.954
298.319
312.288
294.851
286.811
317.708
288.586
305.378
299.607
301.89
298.578
301.832
301.387
294.666
294.168
304.653
308.712
302.363
293.133
314.436
316.681
286.244
292.691
306.26
300.233
310.858
299.679
303.253
298.479
307.92
296.652
292.128
292.637
311.187
294.578
296.183
295.509
285.933
309.414
305.643
300.81
290.021
294.301
294.544
306.9
294.117
304.719
292.464
305.513
304.891
310.173
293.332
300.23
304.813
303.911
300.314
298.457
296.422
297.756
296.841
295.451
291.331
290.06
299.583
295.334
298.827
313.69
296.319
294.137
310.294
286.291
295.986
310.159
283.159
286.872
292.312
298.787
299.578
298.095
293.9
287.607
308.48
297.28
293.129
282.973
298.63
298.531
306.493
290.135
313.47
299.786
302.334
298.746
300.655
308.119
309.211
303.374
309.784
309.862
303.581
292.996
299.589
288.624
295.106
301.09
295.451
319.247
292.216
309.26
313.636
294.47
296.894
305.1
297.75
306.556
323.944
305.277
308.19
295.545
291.699
304.353
291.085
307.482
291.386
294.853
295.095
295.757
300.614
304.734
291.542
288.169
312.448
323.045
304.323
299.777
301.781
300.475
320.802
310.756
304.568
308.023
293.693
300.108
310.549
296.613
307.175
307.454
302.837
312.522
304.072
305.478
303.732
312.226
302.251
306.943
314.471
306.736
301.042
292.236
295.721
308.789
316.456
288.395
287.853
302.318
299.402
292.384
299.406
301.764
302.961
301.651
306.654
294.349
291.772
309.6
293.957
300.945
319.304
305.313
299.27
303.574
300.453
300.386
292.013
301.228
292.977
296.052
285.426
306.27
312.158
302.568
299.926
299.342
304.257
297.352
304.489
298.227
294.029
312.38
302.883
297.954
297.919
285.628
297.989
325.647
297.589
306.759
305.806
301.471
298.06
274.694
298.63
306.856
314.454
303.659
296.094
314.469
298.277
302.984
301.27
305.415
318.432
304.744
292.864
307.181
312.971
314.498
302.933
300.887
312.664
304.748
291.389
302.433
303.486
301.62
288.742
286.115
295.878
302.532
307.33
297.678
298.76
291.998
312.428
304.012
293.623
315.685
306.321
288.54
301.94
296.773
303.792
303.117
302.631
317.212
306.371
313.718
304.138
298.631
309.149
307.705
310.222
306.378
291.751
304.441
293.551
304.536
292.772
311.132
289.406
298.136
297.838
294.23
304.375
297.069
305.792
303.05
290.962
292.843
307.439
291.57
299.508
309.205
289.398
298.34
305.641
285.365
307.336
306.283
301.333
306.756
293.778
286.154
281.846
311.617
304.291
303.297
303.557
299.836
307.915
307.422
314.775
294.635
301.606
301.578
279.109
302.164
294.552
298.504
305.313
294.031
309.652
295.758
305.986
303.813
298.521
290.801
304.897
301.483
312.671
304.577
305.315
321.548
309.779
296.419
313.705
316.495
316.167
320.934
296.514
296.273
305.948
295.25
301.898
305.897
309.816
295.981
307.231
287.721
304.097
304.402
308.418
306.417
301.756
301.898
294.337
303.47
305.209
292.13
304.334
297.46
307.588
291.04
298.365
297.946
312.629
310.371
302.042
300.705
308.503
308.655
310.243
315.458
301.997
290.605
305.483
312.766
303.11
315.676
296.377
317.399
311.407
301.351
292.336
293.639
295.394
297.495
300.209
303.835
304.877
301.878
296.92
298.378
308.392
287.987
306.82
300.253
295.093
314.758
281.327
298.548
292.183
293.944
279.383
313.651
312.341
284.282
291.639
305.955
308.377
293.037
303.415
293.945
296.862
292.801
299.784
302.951
297.429
301.125
309.428
301.236
296.238
309.044
291.854
309.925
301.033
307.508
280.116
288.457
287.472
298.03
309.868
304.145
309.513
288.454
299.219
290.199
308.927
296.408
297.288
295.549
315.058
299.79
319.201
309.08
309.661
303.503
311.496
315.358
304.507
298.228
298.407
300.53
303.422
288.835
308.494
302.014
317.871
314.939
301.054
299.534
305.264
292.552
289.843
306.651
296.229
305.232
305.548
296.361
307.193
299.504
304.531
306.746
297.008
301.21
297.155
301.408
295.485
302.947
292.583
311.574
299.177
309.033
299.402
289.29
305.859
292.616
310.34
289.587
297.654
309.614
299.366
282.564
306.302
301.387
312.074
295.585
294.386
288.361
282.783
286.869
290.661
299.081
306.05
296.573
307.167
293.443
301.852
313.333
302.021
297.586
289.441
292.264
303.303
324.739
314.672
292.374
299.036
294.767
296.577
316.58
304.569
301.433
302.602
290.482
310.322
301.162
312.818
302.111
291.978
303.721
292.398
294.585
292.852
314.59
305.065
302.85
309.064
295.232
305.252
305.173
298.849
284.353
295.657
305.43
305.717
294.743
307.386
304.208
296.717
297.595
307.172
300.724
299.542
298.389
304.584
303.458
301.579
295.385
314.276
300.708
309.258
295.957
299.416
304.482
312.452
317.534
289.158
303.366
298.743
301.848
321.379
300.69
307.129
301.125
294.251
294.313
297.536
293.509
311.285
301.77
288.954
301.317
288.858
305.151
293.553
307.724
298.668
303.394
294.731
323.134
308.547
301.551
314.605
309.327
292.295
292.272
303.046
308.984
322.594
301.757
288.806
307.241
306.715
289.393
302.745
292.973
294.747
304.23
300.206
301.684
301.288
293.038
287.781
306.268
305.348
298.924
287.56
296.679
291.462
300.026
298.102
297.252
301.127
303.142
296.09
293.327
306.694
305.731
302.434
296.078
296.386
292.623
294.984
295.222
295.094
306.857
286.695
295.769
286.859
300.346
304.842
297.906
297.802
309.799
302.992
304.64
310.313
310.77
289.249
294.002
301.585
299.578
317.784
299.25
286.657
315.621
302.878
298.694
299.761
290.012
307.527
302.595
293.952
296.604
292.308
306.299
300.924
299.774
296.077
299.432
299.522
310.997
301.459
328.349
316.471
307.48
297.312
296.47
306.297
305.271
312.289
296.263
308.134
293.846
307.417
306.067
304.833
311.906
293.757
288.501
302.515
300.584
298.22
311.5
300.451
298.208
283.198
297.157
303.326
308.467
293.299
294.607
311.406
309.114
311.498
300.675
303.457
305.264
304.472
316.541
297.486
304.055
302.152
298.703
292.942
294.061
303.765
285.752
319.291
303.227
296.757
302.8
288.807
291.021
299.956
302.929
291.85
298.106
298.239
293.922
299.42
304.752
306.35
306.148
304.967
306.372
289.374
311.013
289.693
298.626
304.08
313.555
311.563
308.623
308.454
293.086
300.937
300.957
308.312
301.121
310.172
306.07
296.945
304.241
293.068
291.052
295.496
299.815
297.728
303.936
288.032
304.29
297.079
301.609
299.345
301.677
296.853
318.351
288.934
298.378
297.256
301.419
307.628
288.308
314.427
298.966
297.331
294.042
298.951
293.412
305.162
282.371
317.935
298.53
300.964
305.471
293.18
296.213
303.322
300.231
299.044
296.321
297.929
310.965
321.439
298.367
298.106
295.414
282.511
294.202
297.233
309.925
303.543
305.339
296.858
282.865
289.97
290.79
304.591
322.114
293.402
302.63
285.099
301.828
303.33
309.749
300.829
299.22
311.978
300.701
292.873
310.762
295.659
292.326
296.607
310.265
299.019
308.999
292.207
299.51
302.38
299.006
303.8
289.945
300.446
288.766
304.22
300.347
284.839
296.367
300.224
305.146
299.889
290.344
290.462
303.741
299.693
306.299
302.354
297.619
304.092
291.652
295.695
301.901
301.73
287.737
292.349
302.99
298.776
303.927
317.684
303.626
302.146
285.625
279.665
305.592
309.306
301.181
294.143
285.18
299.255
292.655
299.165
300.958
298.005
284.631
278.851
296.963
287.709
298.638
291.412
301.07
298.625
323.686
294.443
310.844
303.718
307.178
300.098
292.75
311.738
299.745
306.476
293.564
309.843
290.167
298.675
294.385
307.811
321.87
292.035
316.87
302.077
296.322
309.235
296.645
295.18
287.383
305.215
298.711
314.284
297.087
288.987
320.541
287.418
299.465
302.686
314.325
284.909
311.247
286.09
307.951
296.787
315.873
297.326
291.202
304.541
298.957
303.906
307.8
298.192
303.3
309.072
289.445
299.186
298.154
293.808
299.048
300.86
295.651
299.06
301.761
316.337
308.297
296.123
295.869
291.24
298.884
291.469
300.915
300.182
292.858
308.239
273.207
305.129
310.492
298.321
291.345
300.473
295.654
292.803
300.154
314.826
295.407
304.901
300.155
291.518
295.525
327.418
308.119
305.255
290.027
316.339
293.18
294.965
299.539
294.536
302.52
302.047
296.845
298.321
285.309
308.843
290.259
300.794
309.005
300.05
300.831
282.363
299.884
292.92
295.204
300.654
311.7
301.162
308.44
303.472
303.709
300.77
294.423
311.27
298.795
291.24
296.564
295.62
301.539
305.114
293.647
288.715
312.563
307.03
283.148
317.331
301.693
297.176
285.937
299.547
315.712
290.759
294.666
308.581
305.868
311.802
295.154
310.382
300.626
299.251
296.974
294.37
280.427
287.302
305.428
315.636
305.272
319.706
293.632
298.724
299.958
285.566
304.724
298.836
316.654
293.49
304.639
311.244
297.772
306.305
310.577
310.483
295.896
302.288
304.754
307.265
302.225
297.734
289.55
295.512
305.575
293.325
290.652
322.521
305.662
294.739
304.731
305.149
298.926
300.406
297.747
310.432
308.968
317.345
290.354
301.169
300.095
286.251
308.266
313.373
303.588
301.539
304.851
293.327
296.737
295.708
310.75
305.34
304.088
297.962
306.062
285.32
286.427
295.166
312.619
291.806
295.953
287.532
301.984
305.092
292.77
300.925
306.146
308.463
303.245
291.717
288.205
309.774
308.379
291.124
304.803
303.918
284.246
306.516
285.586
306.953
296.322
293.956
298.917
289.814
317.027
302.792
303.258
297.262
302.324
312.065
298.926
303.038
303.857
307.326
308.31
295.534
297.95
291.553
312.894
314.414
310.288
295.348
312.656
290.627
306.175
305.966
306.629
294.006
300.121
313.898
304.206
303.861
310.921
302.308
300.548
293.639
297.5
273.376
297.167
291.257
303.82
311.974
309.561
288.75
298.529
303.628
312.537
302.247
303.569
311.467
285.7
300.361
303.438
298.821
298.271
295.445
302.51
311.618
306.169
309.137
316.927
303.42
297.087
310.419
312.707
317.304
299.079
302.802
295.039
307.214
290.962
301.479
295.707
294.353
303.609
304.38
291.536
299.775
289.236
292.746
290.665
301.303
302.102
293.196
295.836
302.083
300.181
299.636
290.49
289.298
292.484
295.273
299.38
307.511
288.624
294.435
297.45
314.203
297.298
298.042
303.736
305.716
297.448
301.394
297.227
294.915
315.108
308.866
307.599
306.331
315.805
302.669
302.452
301.532
310.633
313.614
287.174
307.459
301.505
279.182
298.481
312.6
303.147
309.789
287.829
296.913
306.652
309.077
300.111
302.86
306.825
280.423
305.754
299.819
297.472
294.167
289.12
294.619
307.462
305.99
296.803
298.477
303.815
284.143
313.756
308.448
299.66
298.402
308.51
284.767
305.379
314.106
299.611
296.113
305.892
310.266
308.59
288.585
289.238
309.819
290.531
307.245
290.333
295.977
308.747
304.487
302.363
313.384
304.292
309.81
300.973
285.479
300.32
303.273
305.965
312.568
309.254
289.603
298.048
306.45
309.718
306.926
308.682
306.893
285.043
286.809
301.66
297.643
299.075
297.196
308.457
293.737
294.289
297.073
285.818
307.665
299.208
304.504
300.87
305.241
289.803
305.357
299.009
294.233
302.422
305.325
308.451
305.12
301.422
298.244
300.226
287.072
312.064
280.875
297.021
300.896
294.32
292.353
305.176
293.738
314.885
290.991
291.911
300.375
299.942
304.38
298.912
322.42
311.023
297.018
285.734
288.95
310.344
304.176
309.468
301.748
303.357
304.099
310.421
286.602
293.39
298.299
299.52
305.619
311.342
294.784
295.413
300.625
298.791
308.967
295.821
300.952
303.57
305.647
300.33
295.374
296.191
305.147
309.526
309.384
303.493
310.514
291.335
303.865
305.168
298.777
299.367
301.687
310.256
309.179
298.537
304.507
296.213
308.235
283.133
299.05
290.198
293.318
298.971
292.024
301.438
298.994
290.908
295.352
292.618
302.443
301.109
292.506
302.439
310.104
300.013
294.364
291.126
314.749
304.477
279.741
298.055
289.274
300.288
316.468
298.245
315.855
306.547
294.044
288.579
288.319
303.271
308.706
304.074
291.425
302.438
290.434
310.504
309.597
308.801
292.481
307.763
291.796
303.355
300.347
292.314
291.137
298.219
316.244
301.308
294.42
300.884
302.983
287.671
303.003
306.769
302.316
296.951
297.312
322.011
305.444
297.79
295.45
293.382
315.052
298.601
309.017
296.018
306.344
313.221
309.474
310.9
306.052
312.358
303.449
303.459
295.223
314.269
307.589
295.97
297.974
299.287
309.409
312.093
291.51
299.132
295.827
295.532
296.437
287.954
303.898
311.511
294.007
295.254
302.455
308.479
299.38
294.772
309.483
315.053
302.547
292.442
292.519
300.407
294.966
301.461
294.38
302.25
304.925
304.192
293.414
292.478
301.399
303.066
297.939
304.422
294.478
302.506
299.473
305.506
296.789
306.839
314.774
302.378
288.696
299.389
300.982
280.255
302.686
295.695
312.214
294.939
305.949
293.871
295.888
304.414
296.668
310.774
314.351
310.276
288.407
297.985
295.106
298.181
296.217
311.985
314.176
293.527
319.847
282.059
304.937
306.675
312.047
306.342
287.855
319.682
301.498
294.995
305.775
317.723
289.366
300.931
298.945
299.259
295.813
305.439
300.447
318.994
300.583
302.914
302.527
295.927
296.954
306.425
308.452
304.418
305.359
305.891
300.704
303.237
306.941
293.566
309.946
301.216
305.377
302.923
298.174
303.113
301.591
310.189
295.178
310.135
305.06
291.427
303.896
296.808
320.745
292.985
301.806
309.186
310.328
287.905
307.045
289.069
300.388
302.357
297.465
290.679
310.684
289.413
307.561
304.329
292.769
276.825
306.771
299.034
297.719
316.95
285.114
307.861
303.908
307.557
299.78
304.513
291.344
301.812
311.73
294.173
295.931
295.278
292.034
299.612
304.068
288.337
275.733
312.155
293.706
302.654
296.492
314.938
316.288
305.477
292.938
298.805
306.685
310.251
303.972
301.165
299.003
297.159
297.248
297.939
305.35
307.882
291.583
293.326
307.154
298.679
292.508
303.048
305.535
289.966
308.487
299.609
291.168
302.091
292.039
304.423
297.16
298.251
298.13
302.475
291.144
305.848
293.031
293.731
304.298
301.086
301.683
297.538
300.34
290.892
309.221
319.775
299.882
303.635
291.723
311.876
298.246
303.508
300.499
309.58
300.62
304.347
310.471
318.62
302.098
289.28
299.403
292.219
300.97
303.806
298.32
303.649
308.074
296.892
301.938
302.991
302.065
299.195
296.186
296.992
301.066
297.418
285.322
289.408
301.684
305.817
288.945
305.152
293.2
305.176
302.546
287.389
311.97
310.327
313.25
306.046
301.101
305.917
305.483
283.983
303.62
297.054
313.006
311.274
297.207
296.04
286.465
288.506
311.419
308.719
309.504
311.114
308.133
309.47
296.094
293.144
301.88
307.648
312.988
301.965
300.053
303.927
303.253
298.58
288.525
308.612
309.78
288.508
295.866
305.078
303.997
309.074
294.729
307.023
306.432
297.665
302.801
305.773
307.42
302.145
310.575
276.53
304.291
299.079
307.136
312.426
309.662
288.797
312.671
290.972
296.811
293.318
303.098
307.251
303.587
294.755
299.156
306.404
288.321
295.885
301.747
303.721
298.789
306.018
297.269
317.563
301.17
299.576
293.929
301.543
300.032
295.778
309.973
290.548
308.543
300.866
301.405
296.197
297.937
306.245
293.057
296.14
312.559
300.698
298.921
295.218
317.355
306.162
310.033
303.01
300.778
306.241
283.535
306.25
291.063
295.611
305.615
297.408
306.438
298.315
296.492
297.812
314.531
304.25
289.73
288.697
297.615
298.999
296.772
290.988
299.234
294.389
298.57
300.339
306.926
301.27
318.948
304.777
302.915
307.093
299.227
301.854
305.916
292.338
294.854
294.512
295.546
304.259
312.431
298.479
271.888
292.704
298.446
277.811
298.253
298.382
284.649
286.599
310.291
304.228
306.92
303.464
296.049
305.412
310.123
296.241
289.622
302.865
293.526
327.676
296.826
307.357
299.024
303.575
319.706
303.674
300.248
299.276
290.413
292.757
308.498
299.909
294.976
295.303
300.768
294.559
298.054
297.051
306.725
302.725
298.203
308.583
293.171
307.252
294.751
294.936
314.961
308.759
305.996
289.241
296.224
317.533
311.981
295.554
311.074
305.578
319.054
302.063
291.49
315.642
297.266
309.449
301.132
285.989
298.341
300.809
285.648
300.6
297.923
304.717
295.537
295.954
326.855
289.356
291.052
285.089
302.552
311.659
319.828
298.819
302.246
313.685
305.605
296.965
285.747
295.345
290.413
292.172
300.094
299.078
306.842
297.784
313.561
305.712
279.88
315.2
291.936
291.164
304.619
300.656
302.888
300.461
306.893
293.835
297.176
299.659
307.536
305.419
304.718
282.016
303.899
308.144
293.438
307.531
301.433
299.055
305.233
292.717
306.053
299.465
282.019
302.845
296.431
305.835
309.465
304.384
297.934
302.703
301.269
285.928
306.922
295.346
303.096
299.162
303.361
293.623
318.318
294.459
289.49
302.454
308.141
328.076
302.23
306.851
303.8
300.858
305.879
312.094
296.061
302.452
304.406
296.061
303.199
295.457
306.728
315.54
292.533
298.273
305.973
305.076
311.931
306.336
316.872
300.528
292.651
313.252
306.977
306.178
276.124
301.099
304.071
304.293
307.035
304.983
288.751
300.134
299.481
311.408
286.594
291.806
286.75
295.334
303.702
299.373
317.122
298.381
286.31
303.371
302.362
311.533
309.628
286.691
301.013
300.362
311.848
307.658
292.833
311.092
300.581
307.74
304.077
301.381
294.423
309.781
306.021
295.278
296.608
307.378
308.272
294.751
281.9
306.253
308.163
296.489
283.859
303.43
297.236
290.176
310.465
303.675
294.898
309.046
312.171
287.002
305.149
298.322
314.354
293.53
316.495
308.266
317.524
289.144
308.578
300.451
302.493
300.882
313.671
308.315
302.149
299.599
304.715
301.364
302.207
292.223
295.044
302.616
306.699
292.485
302.685
305.317
305.312
310.411
296.804
310.873
304.599
308.603
315.695
301.878
291.266
299.431
294.763
312.623
310.253
304.543
305.129
308.055
301.463
301.147
294.241
298.892
320.4
302.819
310.817
300.808
299.371
306.439
306.218
299.973
294.092
305.6
301.615
320.737
304.684
304.546
296.763
296.218
303.35
301.736
294.799
305.061
296.242
304.545
301.368
304.938
299.242
295.43
303.556
299.915
299.322
305.52
290.915
274.463
291.189
305.166
315.22
302.475
294.342
310.014
309.265
311.832
322.946
293.997
291.663
311.028
294.526
293.753
315.802
298.479
293.755
314.612
298.158
294.958
300.322
298.801
295.81
315.332
319.197
301.534
310.539
303.333
297.056
292.339
315.267
309.356
301.722
302.452
303.383
303.808
307.43
307.794
293.702
305.196
297.312
293.583
297.534
296.571
296.917
291.907
302.419
296.227
305.066
291.082
294.872
293.013
294.321
291.158
297.916
300.542
291.02
294.847
300.599
299.205
306.507
293.225
323.354
293.918
298.476
294.751
304.774
297.62
305.087
293.445
289.87
285.314
301.753
318.312
300.027
305.469
302.564
299.933
309.397
298.594
307.422
305.607
305.495
299.155
311.263
314.623
315.405
299.618
296.943
295.123
303.527
307.005
294.743
307.869
303.432
313.774
297.816
293.406
288.197
303.218
291.661
303.928
299.987
305.888
299.453
305.539
299.992
308.407
295.717
305.365
310.238
302.561
312.744
294.583
323.656
305.731
318.813
300.471
307.109
301.972
294.207
317.198
302.182
313.965
289.583
307.956
291.707
297.214
309.139
302.48
292.01
292.565
290.755
313.382
284.691
289.363
290.514
294.106
308.719
289.597
292.706
301.651
299.909
298.826
315.085
295.904
297.206
303.077
310.491
310.353
299.001
300.834
304.756
296.902
317.531
304.557
305.329
303.31
305.324
302.999
307.682
314.384
289.001
297.623
287.346
300.968
305.479
292.992
304.544
304.5
309.578
306.351
293.806
304.045
298.295
307.15
295.986
306.907
290.606
296.681
303.847
302.135
304.919
304.086
298.645
292.166
321.148
319.658
291.97
312.341
295.591
303.423
299.518
293.26
302.235
309.151
293.743
290.821
298.519
313.012
305.977
298.354
306.772
308.636
307.261
302.906
297.493
297.247
288.51
296.501
289.648
294.443
317.644
302.475
300.443
292.595
303.534
293.203
288.377
312.549
298.289
305.212
291.459
312.246
300.644
295.76
297.265
304.53
309.968
289.117
299.165
297.257
300.095
303.309
303.972
297.869
288.209
298.59
310.947
315.574
302.965
302.951
310.034
295.381
289.605
307.321
288.76
312.617
293.467
289.283
303.093
291.411
300.342
308.297
305.859
296.888
303.258
300.469
313.031
296.578
287.642
303.803
291.023
295.463
301.919
293.367
292.647
299.044
299.668
302.454
318.32
313.269
287.613
301.468
297.751
311.854
295.39
314.228
301.22
309.8
295.875
316.97
300.235
297.378
289.486
305.297
300.364
289.945
303.969
302.011
297.779
298.991
304.42
287.927
310.846
304.539
295.935
307.204
299.674
291.618
303.57
311.252
323.374
300.022
297.12
305.064
301.528
298.574
293.831
305.463
297.955
304.028
291.033
292.512
304.207
295.297
308.245
300.933
298.487
307.246
281.5
305.483
297.054
289.808
304.906
310.739
290.352
300.926
295.317
319.041
292.965
302.118
291.676
295.702
306.675
303.767
317.975
308.077
285.314
291.118
301.057
300.731
311.863
291.853
302.591
296.148
308.043
287.553
296.612
292.579
289.92
304.019
295.318
303.844
307.759
301.547
289.466
305.273
304.565
295.221
305.473
301.72
293.793
294.737
308.537
314.216
312.016
305.683
288.727
296.953
306.942
311.945
301.95
297.227
297.546
323.56
301.323
288.249
293.821
299.056
289.231
302.465
295.849
297.674
307.851
305.661
291.754
302.264
308.397
308.298
314.038
297.456
290.669
298.65
296.576
311.449
298.075
294.915
297.968
291.882
309.297
305.657
310.607
305.691
304.681
291.491
303.552
302.274
301.568
303.042
303.117
298.358
293.388
298.101
311.987
301.819
307.579
295.161
295.51
308.848
288.324
298.383
308.23
281.559
301.918
301.046
294.968
281.166
301.693
304.065
306.533
310.747
315.655
292.464
303.669
297.777
294.098
298.037
315.956
303.685
297.952
299.995
302.392
300.866
321.543
308.33
308.533
302.467
295.611
283.977
297.112
309.757
296.386
313.283
290.348
306.859
292.698
301.857
288.999
305.058
307.301
305.494
310.602
312.633
319.974
294.778
300.094
297.451
321.911
302.279
305.112
294.041
286.356
305.042
308.436
300.538
313.182
294.49
297.865
303.28
309.905
298.297
297.424
300.103
314.76
301.88
306.034
285.936
311.219
305.616
284.993
320.462
294.681
297.067
289.717
291.505
295.292
309.381
306.906
294.838
297.41
295.378
287.934
309.803
292.853
294.521
290.988
292.781
307.968
310.298
298.479
316.356
311.769
300.665
303.566
300.679
297.069
298.795
311.113
281.839
292.305
296.066
286.43
304.47
297.44
294.572
305.799
279.885
292.566
297.858
297.339
300.925
299.932
308.091
302.874
298.456
301.27
299.266
302.016
304.656
295.019
283.914
299.537
293.312
300.938
292.363
299.337
312.73
307.756
303.255
300.126
304.266
294.472
310.998
287.325
298.116
307.262
303.595
298.936
288.479
308.924
287.11
291.62
299.954
310.863
303.444
292.237
305.113
297.583
296.188
311.753
308.514
284.309
301.06
312.155
296.391
306.855
313.448
294.816
296.592
311.828
317.684
309.494
291.085
304.14
308.74
303.355
298.81
310.357
299.367
306.044
301.53
311.933
288.381
298.433
289.974
290.619
282.996
312.482
305.205
318.445
299.487
310.327
304.618
304.946
306.057
306.193
306.055
309.615
306.387
295.512
318.02
306.135
298.503
307.135
301.307
299.177
296.159
304.973
298.187
312.555
296.202
295.076
307.944
301.201
303.468
303.229
312.351
286.081
309.871
313.349
300.074
315.483
295.433
300.963
298.374
299.918
302.075
305.699
297.377
301.03
288.979
303.16
301.918
298.972
315.78
296.153
297.322
303.674
303.065
283.105
282.787
292.271
300.855
294.094
297.681
308.504
309.026
289.6
297.541
293.68
290.951
300.87
303.813
307.752
307.341
301.99
316.982
300.588
300.727
300.871
292.585
307.13
314.324
305.007
320.599
311.446
298.481
290.74
295.306
304.951
310.314
306.822
302.577
309.29
314.439
301.711
303.057
297.626
308.514
298.495
290.308
296.903
299.437
286.962
296.198
289.942
304.629
315.375
298.544
292.998
293.307
294.951
303.227
306.787
303.65
291.624
304.685
303.777
293.617
288.387
290.512
299.636
314.571
297.361
320.703
316.293
296.472
311.493
294.664
301.771
300.197
312.59
301.494
309.456
307.318
290.834
294.789
297.984
296.927
308.031
296.391
291.774
302.464
280.355
291.716
319.506
295.19
302.724
296.525
297.355
319.398
287.67
302.943
319.371
299.75
304.995
299.816
303.663
303.617
296.474
294.725
301.941
289.81
307.706
303.021
301.147
323.304
300.339
299.931
310.377
304.892
302.692
299.841
302.485
314.333
304.187
308.276
295.631
297.146
303.269
302.642
283.766
303.516
301.712
303.525
305.444
323.0
308.975
293.502
311.337
293.223
306.993
289.231
300.144
301.285
287.82
300.627
296.108
297.829
298.665
290.628
295.1
305.026
303.772
306.378
310.972
296.774
293.647
285.57
294.511
304.138
291.473
306.474
295.445
302.413
289.779
296.083
302.112
292.499
313.813
303.227
290.106
301.343
296.375
291.236
302.065
305.876
294.656
295.649
299.992
293.595
299.943
299.427
298.393
307.293
300.209
305.006
315.009
289.186
295.272
301.434
299.461
299.246
314.027
300.311
293.272
311.135
289.704
297.076
308.662
282.453
295.958
291.304
295.2
283.241
300.778
286.836
287.348
304.59
302.147
301.603
293.53
302.558
303.906
289.382
300.74
303.756
289.411
299.663
287.22
303.621
311.907
289.063
301.134
304.055
308.688
304.277
289.807
288.987
294.37
294.708
303.164
302.432
302.583
292.671
313.909
289.753
291.281
297.509
298.698
299.766
298.538
303.68
292.323
283.776
297.567
309.502
302.205
300.939
302.049
304.174
303.862
307.542
289.199
303.856
329.32
291.586
290.549
285.139
300.934
292.145
310.448
306.755
302.265
311.908
310.398
314.831
304.572
302.579
294.365
317.917
298.524
278.913
299.558
297.655
305.648
307.292
298.891
299.747
305.787
306.129
292.788
294.563
296.206
312.343
293.163
310.012
305.071
300.464
301.954
293.097
312.623
295.838
307.855
307.571
289.044
298.774
309.996
309.643
305.073
294.868
312.132
318.977
302.238
304.639
306.578
297.329
318.839
300.815
296.409
284.91
308.935
300.799
302.376
291.316
302.252
288.35
304.721
289.294
294.455
299.387
301.236
313.479
304.643
323.995
299.732
303.052
294.016
299.311
310.387
304.87
298.288
278.629
298.104
299.963
302.143
286.249
295.405
295.74
295.7
305.601
298.642
312.688
292.394
316.736
304.248
293.608
286.601
304.782
304.909
278.69
299.683
288.658
310.356
298.73
307.483
309.421
305.321
316.031
309.584
302.341
305.709
307.823
296.925
299.685
274.127
286.78
297.702
305.861
295.804
309.941
304.069
311.616
306.748
296.132
303.476
311.437
285.544
291.959
303.759
312.784
296.41
300.349
297.563
307.792
292.994
296.465
300.838
285.157
307.57
300.906
303.095
310.103
312.929
294.785
288.642
318.191
308.25
302.525
290.805
297.282
310.611
315.71
302.363
310.589
299.753
300.157
295.722
302.824
316.217
300.911
303.53
293.031
280.446
309.013
298.653
294.222
298.913
299.253
292.458
293.054
303.077
297.873
290.123
299.559
300.12
283.149
308.928
296.626
289.385
303.795
295.284
295.739
300.172
309.936
298.668
297.631
293.749
300.823
306.972
304.696
285.87
298.104
311.783
312.342
299.828
312.523
296.098
301.162
305.19
303.527
295.572
299.444
292.454
299.492
305.299
291.063
309.486
301.825
294.543
305.213
284.537
299.928
297.591
300.307
300.008
307.722
305.014
301.823
298.637
300.398
294.174
292.52
288.914
306.693
290.231
311.141
303.176
306.552
301.645
308.42
306.969
301.035
304.067
308.825
310.324
299.995
301.848
310.466
309.702
308.393
293.289
297.851
296.991
310.334
292.024
299.706
318.139
299.762
314.5
310.492
300.802
290.193
313.329
286.571
315.06
306.498
299.231
298.255
297.887
303.355
301.139
302.701
303.31
307.476
296.174
319.43
295.02
302.265
295.916
304.594
296.149
305.539
299.594
308.162
314.168
308.71
297.206
298.0
308.959
296.825
296.897
311.197
290.595
302.31
302.533
284.622
294.259
297.678
302.703
300.964
298.861
297.534
297.085
302.553
299.295
303.896
308.093
293.836
303.756
301.442
298.858
311.079
296.312
303.494
302.28
296.014
298.448
288.933
300.578
298.475
294.716
305.36
313.535
304.238
293.516
306.834
286.213
305.695
309.491
314.109
304.453
300.397
291.855
302.044
318.838
285.435
306.984
299.297
292.029
296.864
295.262
307.976
292.783
304.731
302.674
298.757
296.727
296.868
315.922
309.226
296.975
311.323
299.344
304.586
303.348
291.199
313.217
304.946
295.855
288.796
304.318
300.801
298.875
298.146
301.154
296.254
295.855
293.16
306.475
317.626
301.871
292.784
291.665
298.471
305.114
300.902
299.274
311.945
298.801
303.0
298.501
302.195
290.845
303.587
288.884
297.579
311.054
315.805
296.532
304.417
316.199
286.699
295.707
291.85
298.365
305.128
287.109
287.334
288.669
303.133
296.619
288.249
300.434
304.918
309.436
288.216
292.477
300.661
300.204
300.445
301.009
302.864
287.863
321.122
298.843
315.594
297.895
302.364
292.402
316.489
313.719
296.857
303.831
296.721
309.277
319.485
303.171
289.294
302.576
302.483
297.603
304.406
291.326
296.091
295.871
306.403
302.475
308.988
287.314
299.81
291.948
300.44
301.379
291.121
299.481
296.541
302.129
296.068
293.216
287.104
301.818
303.635
293.619
291.717
308.618
312.412
284.248
290.387
295.566
304.835
306.979
317.255
292.138
296.104
283.289
305.098
304.144
311.449
297.82
289.371
301.522
305.128
289.345
294.178
288.622
293.899
291.276
303.431
304.971
296.219
309.171
299.474
301.648
296.001
304.81
312.526
292.271
299.827
301.213
296.379
295.569
302.108
293.721
299.052
304.715
314.218
304.809
305.859
299.963
298.767
291.842
317.38
301.487
293.035
290.352
301.034
302.523
304.374
282.646
309.612
299.03
308.569
296.965
291.543
299.417
303.636
294.499
302.428
298.671
298.101
318.95
294.19
299.759
287.33
309.19
292.232
296.558
307.507
297.083
303.731
307.502
303.46
285.544
302.6
307.326
282.628
292.997
301.808
307.241
296.906
292.748
298.045
301.318
299.256
309.013
300.564
293.007
310.085
300.346
296.745
287.397
299.295
294.776
293.96
295.328
311.501
285.134
295.51
319.943
306.617
314.115
293.197
306.244
308.299
299.679
305.825
293.683
301.458
294.603
291.452
311.49
295.954
293.295
288.967
299.182
294.694
305.585
306.12
313.314
296.045
311.102
305.808
298.867
302.026
294.342
308.735
298.7
301.181
293.899
298.345
286.924
310.614
296.326
302.891
305.386
293.002
302.069
295.865
288.069
316.011
285.352
312.504
302.868
329.551
308.081
294.651
299.64
296.609
306.962
320.933
296.541
301.686
305.601
318.613
297.279
288.106
302.479
312.469
307.577
297.111
283.78
295.798
304.964
316.175
305.374
313.684
297.183
303.356
304.195
290.318
299.369
295.507
301.398
294.927
303.271
295.324
298.691
298.26
296.97
308.44
305.188
300.904
313.317
307.584
300.859
304.703
299.702
300.811
287.199
295.867
318.836
302.97
308.08
292.301
298.869
302.764
295.706
299.816
308.947
303.437
309.584
300.934
291.106
296.061
284.123
295.235
301.871
311.055
304.655
292.331
288.812
300.904
302.154
296.096
310.85
296.571
297.789
316.195
282.204
297.707
306.819
296.794
301.46
312.623
310.232
315.248
306.966
306.042
296.792
302.071
298.508
305.989
292.733
305.079
313.465
298.843
296.785
298.571
303.029
309.18
295.764
289.194
312.77
294.237
304.586
289.802
286.743
301.427
305.523
297.014
309.589
322.135
308.321
302.328
303.293
307.791
280.948
314.411
307.437
300.977
314.143
294.93
304.791
299.095
290.707
294.72
297.236
296.728
297.615
305.982
306.206
300.799
291.357
297.259
301.99
304.242
308.014
309.221
296.045
295.065
298.992
294.275
306.35
291.706
299.081
298.396
288.302
308.986
298.421
294.645
296.194
295.93
302.426
321.121
305.925
300.886
298.933
296.385
301.13
298.513
308.145
308.387
306.888
287.83
295.796
308.127
313.743
287.397
309.842
305.028
314.765
293.931
295.464
302.6
311.019
307.493
298.788
303.731
297.625
308.72
295.711
300.261
308.225
287.602
299.179
316.715
299.12
298.632
304.517
302.118
318.02
286.821
301.378
323.911
290.389
295.274
302.256
301.884
298.15
288.87
297.11
302.471
309.131
302.627
298.11
298.635
300.046
300.894
301.574
312.009
294.606
302.384
285.27
305.03
309.018
307.958
290.43
286.736
289.143
289.788
303.796
306.436
300.937
299.613
308.974
292.311
313.034
313.385
291.275
281.145
300.701
292.388
308.765
286.425
306.201
312.402
305.723
308.055
289.107
306.994
297.646
301.396
297.952
299.542
303.997
298.537
311.921
305.244
319.106
307.365
296.975
299.691
308.281
282.783
297.235
305.901
300.319
297.966
304.556
275.757
309.636
302.335
310.402
311.742
295.648
289.095
297.441
283.314
293.01
290.221
297.116
311.072
293.567
292.853
292.222
292.401
307.736
292.288
301.523
294.485
299.52
299.695
317.981
295.972
300.512
300.045
298.94
306.613
283.051
290.175
293.254
312.241
292.677
300.169
313.746
291.492
299.317
306.058
298.15
303.742
306.579
291.135
295.477
294.359
300.045
291.962
327.374
292.825
305.64
302.667
292.445
307.896
299.438
298.76
290.113
305.453
296.822
311.293
314.12
297.217
298.778
316.009
296.453
313.261
293.222
301.301
293.18
292.496
293.412
310.211
290.493
298.279
299.727
288.393
317.554
299.026
305.405
304.502
318.465
308.765
300.124
300.459
302.769
304.765
304.168
309.757
311.975
317.179
300.621
299.694
296.085
291.583
306.526
288.78
309.664
297.67
304.057
293.282
281.991
293.874
288.342
302.964
295.969
304.199
293.788
294.323
298.877
294.665
309.261
300.5
302.24
286.03
296.134
311.888
291.238
296.23
289.72
311.553
293.452
316.323
281.442
294.7
295.747
301.253
301.309
285.47
296.134
294.505
299.117
302.533
285.545
296.628
313.804
300.034
305.58
291.183
308.957
311.188
315.633
294.287
289.692
293.989
297.633
285.883
283.65
295.75
295.498
313.183
314.656
310.468
298.048
309.724
295.265
304.179
302.595
300.167
306.848
306.736
298.396
301.483
281.232
311.713
300.195
308.56
296.706
300.724
300.488
295.12
295.909
297.727
298.354
308.103
293.275
311.072
308.201
304.903
301.886
305.864
300.626
307.178
300.222
308.807
301.0
298.287
288.032
308.69
304.802
303.298
286.129
296.359
303.3
303.678
315.016
294.203
297.336
300.303
303.5
307.971
310.739
303.116
310.334
309.384
298.205
289.684
305.358
290.815
290.305
310.656
291.201
311.271
309.149
302.136
301.466
302.026
301.638
295.096
311.384
298.353
299.391
309.901
311.801
313.7
317.445
296.659
296.913
297.789
307.291
302.506
304.919
306.202
294.699
298.883
317.239
306.673
302.306
304.8
297.906
311.753
297.736
281.079
297.929
300.894
304.625
300.853
300.676
301.349
290.709
294.119
311.916
311.804
281.302
302.759
301.216
300.407
303.993
292.496
305.168
300.05
294.582
299.157
314.41
307.671
307.67
299.371
315.403
299.316
305.127
306.952
293.323
308.609
306.694
305.556
296.475
306.663
317.6
304.341
301.191
313.397
297.222
299.53
297.579
311.289
309.368
307.047
298.776
306.887
307.894
304.864
318.178
297.346
298.966
295.469
309.92
303.01
291.521
299.649
307.533
290.477
280.911
303.934
299.276
315.155
305.73
312.79
298.873
303.518
307.919
300.197
314.135
298.37
304.409
299.728
291.586
297.984
302.823
293.007
290.608
303.692
299.057
300.545
312.925
305.996
292.794
289.607
297.603
290.96
298.928
292.54
302.901
299.892
289.606
297.496
313.822
306.384
291.557
306.241
305.31
301.399
296.412
294.382
306.216
300.885
295.63
302.555
301.82
303.357
293.982
304.688
299.801
296.927
302.775
297.693
305.804
283.19
300.454
303.641
300.44
303.036
314.992
302.339
304.742
302.828
290.906
301.085
300.478
302.697
297.786
301.292
313.449
315.298
300.742
294.322
294.396
301.623
301.288
312.439
297.84
297.777
310.781
301.733
301.933
296.015
303.213
299.757
304.155
286.769
292.122
299.843
313.069
293.462
303.248
294.211
316.183
306.544
320.015
305.477
317.507
316.478
296.629
306.881
301.025
301.417
304.763
306.214
313.296
297.076
311.9
306.452
307.912
296.27
313.257
295.075
294.112
316.344
308.853
295.653
298.615
313.588
309.671
297.7
308.675
307.902
298.549
307.898
284.188
305.629
297.287
307.433
296.794
311.718
300.045
300.069
300.492
296.879
302.42
302.427
304.892
297.049
300.039
297.861
305.739
299.429
288.985
317.197
304.776
295.58
268.374
289.562
301.673
287.645
300.542
288.012
309.366
307.119
311.38
297.591
297.272
289.377
301.452
304.277
301.549
296.994
316.886
297.137
293.814
307.552
299.615
291.401
310.094
309.791
304.63
294.216
301.497
293.627
299.488
288.328
297.947
302.703
302.966
298.719
305.408
308.486
304.055
288.668
304.025
292.759
294.921
302.79
296.421
304.429
303.986
293.814
293.704
295.983
292.899
319.838
308.178
305.235
303.736
296.512
306.91
301.451
305.385
302.788
287.91
299.713
292.473
304.741
308.359
299.026
292.3
309.632
295.711
298.264
319.547
294.573
305.166
306.527
283.53
306.326
303.37
298.488
293.922
310.337
303.717
304.999
302.681
295.66
293.688
297.396
308.025
298.509
304.453
296.357
304.236
296.708
308.777
296.254
303.95
300.231
304.171
305.43
315.448
309.431
302.853
293.142
290.12
284.5
297.818
304.344
298.769
308.929
301.205
314.855
303.958
285.674
311.3
290.315
294.686
296.019
305.93
306.341
307.941
286.223
294.32
316.181
306.998
307.709
293.626
296.965
302.448
310.346
312.548
303.227
308.985
297.876
283.129
300.44
294.258
296.646
297.42
289.591
279.527
300.896
288.45
293.322
300.799
296.703
295.775
300.818
308.555
304.918
295.658
294.766
299.286
308.253
300.788
317.737
310.161
302.099
307.193
301.033
303.319
314.447
307.301
296.818
299.886
312.716
305.409
304.691
299.323
303.245
313.525
292.15
301.764
286.435
298.798
295.466
302.933
289.887
293.54
299.463
302.569
302.364
300.208
311.962
311.314
290.873
294.473
290.714
293.244
304.291
294.458
306.765
297.761
292.065
310.055
306.452
319.13
302.407
296.838
294.523
314.209
308.972
299.274
296.174
302.845
304.151
301.771
289.802
306.237
304.08
295.73
292.0
295.56
302.183
306.437
310.58
312.891
291.117
301.637
312.861
295.746
301.552
294.532
304.845
308.2
309.12
300.767
302.982
313.811
304.895
299.299
293.614
299.23
306.605
274.268
308.049
314.518
306.258
305.139
300.441
299.935
291.753
303.772
306.742
307.597
301.71
284.35
289.178
300.266
290.593
298.438
314.072
302.811
307.231
295.385
309.619
306.02
298.407
312.37
310.784
315.0
298.048
296.151
307.302
296.484
292.422
305.377
312.588
287.658
285.798
292.362
288.524
306.079
293.463
301.185
295.279
308.721
304.977
299.623
307.507
300.552
300.735
290.234
320.606
292.591
290.191
298.149
297.131
297.589
304.375
292.992
309.602
301.383
291.018
308.702
289.715
304.535
287.964
305.695
308.404
304.233
309.996
290.477
307.692
303.556
300.301
296.99
310.341
303.377
301.503
319.324
296.577
296.563
302.232
306.3
298.723
285.702
307.095
303.04
301.245
304.755
293.23
305.403
305.49
291.932
312.168
308.058
301.251
295.797
293.808
282.495
306.055
299.006
298.846
316.513
288.979
306.502
301.739
306.885
286.234
299.183
308.898
297.877
299.486
296.524
294.675
304.174
284.445
303.702
307.194
298.067
304.612
301.48
303.681
299.137
307.703
308.349
298.59
298.05
298.713
306.544
297.135
292.625
294.28
302.431
300.913
299.592
306.292
300.459
296.064
298.006
290.696
306.168
316.042
294.065
300.115
299.042
290.298
291.664
300.677
306.916
322.211
311.814
289.37
297.868
292.817
301.915
310.41
308.117
298.442
307.51
304.468
287.831
299.848
300.356
296.623
311.562
305.287
305.935
295.252
287.203
315.07
285.931
304.792
308.913
302.249
306.719
293.181
298.336
304.111
296.352
302.196
300.921
292.416
298.667
295.448
307.269
317.837
304.03
292.14
304.21
301.821
296.797
312.26
303.603
302.748
310.756
313.304
307.656
305.008
295.048
306.07
309.516
305.812
287.724
300.094
305.665
300.225
295.099
293.87
303.846
312.735
294.477
287.736
312.251
300.695
302.206
304.61
289.552
298.696
306.576
299.668
307.766
286.2
295.651
304.272
297.885
292.304
290.083
292.052
302.985
287.928
306.983
316.328
291.922
316.148
295.778
302.127
298.813
300.786
302.945
301.598
303.085
300.413
294.35
295.847
291.749
299.794
299.561
310.882
299.951
296.742
309.901
287.579
293.968
288.035
296.433
314.257
303.564
318.763
304.541
290.717
301.551
293.902
297.225
293.92
299.003
308.206
308.233
283.976
292.142
299.713
305.448
300.337
319.246
301.909
302.866
289.099
303.432
302.702
287.478
296.01
294.084
300.238
318.3
313.103
277.118
289.072
297.029
306.865
302.16
314.536
311.688
294.448
296.235
306.507
304.125
300.856
309.184
312.075
291.602
305.752
298.6
305.931
291.755
302.064
293.802
302.59
291.499
293.064
291.282
300.371
313.031
301.689
292.86
290.1
305.647
301.297
289.408
292.906
304.258
307.858
311.866
301.88
310.092
300.244
291.296
303.903
301.359
321.883
292.742
305.712
313.377
293.174
306.134
297.409
294.983
296.181
285.517
299.262
305.434
298.561
296.648
315.163
291.238
302.109
295.393
293.886
304.296
297.348
315.927
280.773
288.734
305.807
296.875
298.993
308.674
306.452
295.992
288.535
305.466
296.116
301.162
306.787
283.296
300.338
300.003
315.257
292.301
299.569
296.85
304.062
293.182
314.662
304.992
296.904
307.909
307.389
310.088
296.349
309.203
293.389
295.642
302.177
293.842
299.994
290.322
315.006
296.989
295.031
302.991
307.51
301.637
296.287
307.43
316.016
307.917
296.833
301.297
311.541
301.384
300.337
308.353
305.652
300.607
303.8
294.886
319.59
290.592
295.164
307.668
303.88
310.643
296.674
310.686
302.316
295.335
299.169
307.156
293.875
296.101
315.11
301.108
308.297
311.05
288.966
289.18
298.431
316.397
318.107
309.586
299.354
283.776
299.921
302.621
308.744
293.828
308.558
313.352
291.303
295.099
297.859
297.649
296.192
291.376
298.891
296.634
302.332
294.682
323.39
296.405
297.764
300.352
285.84
301.311
291.529
300.048
299.936
297.731
297.6
303.662
291.804
295.646
287.642
297.67
285.217
319.481
300.969
304.792
305.026
295.138
296.581
294.475
304.229
300.833
312.386
305.149
291.485
308.274
296.807
313.351
302.988
295.866
312.22
288.859
310.493
302.986
300.093
292.141
293.095
287.538
302.546
311.77
290.997
309.514
314.651
295.679
295.078
301.559
293.981
316.447
297.033
306.449
285.964
286.996
306.987
299.198
303.047
296.361
289.41
297.584
324.591
299.015
307.989
306.318
290.35
298.755
299.103
295.138
315.987
297.407
287.173
309.421
301.068
296.977
292.132
290.73
295.274
303.808
304.519
290.408
278.418
289.71
306.298
303.816
306.044
286.77
291.991
302.722
306.471
304.647
313.346
306.994
305.683
301.214
316.291
313.249
313.889
308.227
303.479
304.162
300.542
301.508
307.722
300.051
302.052
281.149
298.602
294.497
300.995
297.363
288.622
299.1
303.224
301.776
293.198
310.023
291.052
289.065
296.974
302.314
328.969
312.9
303.443
301.815
297.734
305.179
294.338
297.366
297.721
296.962
296.725
311.328
298.918
304.597
308.046
296.909
302.761
305.044
309.192
313.18
315.603
300.501
296.773
301.398
314.26
308.786
303.288
294.832
300.656
300.215
298.611
297.801
295.679
303.516
300.747
303.555
305.077
308.299
313.909
319.151
307.536
309.551
294.426
302.298
296.452
306.602
293.919
297.666
322.086
299.013
306.922
290.078
294.641
304.11
298.128
292.07
298.224
312.258
284.48
302.189
293.461
290.358
303.824
291.693
297.205
296.947
315.582
281.102
300.077
295.936
302.845
310.648
310.707
299.211
305.831
306.062
309.353
304.271
307.748
314.959
304.11
300.983
298.602
293.542
291.541
296.912
300.662
278.259
301.722
294.009
296.951
294.634
299.411
296.445
310.036
296.885
298.922
302.552
300.217
292.021
292.293
294.786
287.648
292.927
294.638
295.093
306.601
311.454
303.883
307.077
298.684
314.154
303.829
296.238
299.264
293.12
302.277
312.751
291.221
311.696
287.835
300.743
298.266
303.946
310.811
292.502
290.623
302.791
299.367
297.072
294.361
293.26
302.188
289.388
288.506
290.774
318.092
295.718
295.835
315.997
304.564
304.63
303.575
291.314
297.912
302.464
298.621
294.283
325.748
299.775
298.128
298.474
307.077
310.469
296.121
301.315
274.718
306.42
289.946
285.901
294.01
307.195
307.249
300.942
296.723
309.099
291.783
288.325
306.52
309.329
293.533
293.546
310.685
306.37
308.077
302.368
296.839
282.942
296.183
309.742
309.727
305.683
301.39
302.194
304.175
307.082
300.74
303.619
300.792
315.022
289.58
317.529
309.163
308.179
299.648
305.475
300.215
301.566
300.252
310.558
291.684
317.733
288.326
302.913
296.601
295.103
296.58
308.684
287.843
310.928
302.504
312.793
302.598
304.219
295.008
313.05
291.703
305.538
290.443
312.418
297.648
322.677
289.41
306.369
296.178
307.865
294.852
299.647
290.864
300.284
298.693
298.515
302.247
309.41
303.951
292.987
301.161
301.179
303.538
306.164
307.792
318.085
289.637
306.091
290.943
310.558
292.107
288.25
302.472
298.584
305.315
303.535
310.119
306.514
292.074
291.121
307.859
303.994
306.565
307.172
312.75
294.056
302.19
306.091
301.271
297.03
310.154
307.455
303.603
312.528
286.845
306.196
305.341
294.786
294.702
303.559
301.03
307.077
293.82
288.15
293.985
306.651
306.669
294.385
312.364
317.777
287.702
306.306
301.047
295.138
304.961
300.771
288.43
293.932
294.074
298.819
307.658
305.365
302.041
313.861
293.731
295.013
312.429
305.783
306.434
300.99
310.279
310.543
306.957
308.985
302.678
303.947
299.143
314.537
306.218
308.283
301.947
294.298
292.167
314.954
295.652
297.126
284.233
298.979
304.785
315.227
306.555
299.051
301.976
293.506
300.45
306.78
303.212
303.697
304.184
303.765
289.696
302.493
309.364
291.305
289.608
310.278
303.805
297.082
308.231
305.046
298.277
299.451
315.12
296.281
298.933
299.011
301.376
294.879
313.868
300.636
296.08
313.017
292.398
302.191
288.272
290.665
301.662
316.173
311.695
308.247
302.253
303.351
287.676
306.342
293.691
308.97
300.644
294.488
295.014
299.793
317.539
302.867
307.67
300.677
312.321
299.989
299.512
292.115
305.023
299.471
295.502
290.461
300.905
290.674
304.664
299.88
307.368
318.838
308.857
299.161
314.182
283.96
300.9
295.093
292.484
292.647
292.25
294.783
284.273
295.201
302.607
284.819
311.773
298.715
290.884
304.494
297.051
300.579
296.155
307.891
281.502
288.804
302.95
298.36
304.084
306.207
311.905
284.021
307.101
304.307
308.701
301.657
291.257
299.216
291.233
302.123
290.417
292.486
287.601
312.104
300.382
286.811
297.667
283.425
288.32
300.619
286.636
325.567
310.36
306.438
294.378
298.87
309.964
302.076
290.44
297.797
296.955
293.615
300.354
301.825
315.778
303.641
305.204
286.264
298.849
312.039
309.484
300.687
298.169
297.302
289.426
286.477
298.45
296.572
307.661
297.453
296.105
306.531
295.044
297.42
295.474
292.178
317.513
310.634
294.673
296.335
304.979
295.508
302.311
300.313
303.748
306.59
301.309
314.339
308.69
299.255
305.849
301.443
298.79
305.125
301.489
302.953
313.862
299.138
301.717
300.546
304.847
297.606
300.45
300.872
305.68
311.506
302.778
308.531
303.263
299.065
294.412
309.665
291.994
304.265
302.017
293.254
299.718
308.474
290.539
290.986
308.484
305.071
302.147
301.643
303.973
292.102
301.682
309.163
298.068
305.303
308.051
310.061
291.567
301.774
293.621
304.372
296.511
290.201
287.733
306.148
295.102
298.077
299.556
297.903
314.478
295.146
297.656
295.641
300.013
307.811
302.619
292.245
300.456
305.436
298.501
303.867
292.131
299.355
286.457
292.082
305.848
288.242
300.174
312.581
296.796
290.468
299.635
294.004
298.272
298.782
295.829
312.777
302.045
312.496
304.5
292.23
291.388
301.033
308.306
293.194
301.85
295.695
301.613
301.107
294.302
312.701
305.472
300.872
320.251
291.032
293.993
299.677
313.785
300.97
292.289
297.3
302.294
307.689
311.964
304.182
305.424
289.253
307.104
278.435
317.894
312.009
314.401
291.932
298.877
298.413
303.831
301.192
296.327
294.922
292.477
305.47
300.324
301.334
293.608
302.622
305.669
301.548
299.359
301.209
303.868
295.642
295.786
306.463
292.279
302.259
291.123
328.007
297.648
289.317
294.177
296.293
305.342
295.248
294.071
291.7
310.864
295.831
296.137
297.14
291.278
309.211
302.033
302.581
294.144
300.185
316.419
287.543
298.732
310.869
291.396
289.458
295.105
298.05
309.671
301.399
303.714
304.687
295.752
307.159
301.424
306.048
289.066
306.478
319.405
314.322
310.844
287.349
299.595
290.797
304.35
299.033
290.46
294.759
305.236
289.052
317.41
289.034
299.236
292.887
307.656
304.075
293.02
304.6
291.765
305.738
287.54
306.648
302.19
290.762
311.366
304.285
300.221
303.463
291.955
295.78
302.549
297.425
309.249
295.222
288.304
311.739
308.846
300.795
285.95
291.287
312.027
298.867
301.758
302.935
297.61
312.856
300.0
275.599
312.165
292.136
287.312
307.031
312.926
300.096
295.662
303.642
300.231
298.391
308.685
306.047
305.035
297.457
304.395
303.149
320.742
309.999
293.829
301.447
293.446
315.404
292.424
296.759
288.355
300.663
305.385
309.072
297.206
292.049
292.544
279.318
289.085
295.986
295.991
315.474
304.014
296.038
297.611
294.815
295.131
299.245
297.345
291.795
303.047
317.107
294.643
297.883
318.485
300.443
301.048
294.129
311.14
311.493
326.257
287.951
291.076
303.096
307.158
288.568
299.575
300.067
308.786
310.215
296.681
312.399
295.004
319.651
312.466
300.773
297.728
308.946
306.056
300.701
295.821
279.268
308.12
300.685
298.475
298.816
308.79
288.608
301.759
293.212
300.921
301.948
298.551
308.597
287.4
296.961
293.305
307.034
289.677
295.399
304.003
286.578
299.715
303.098
297.961
300.317
308.045
299.832
310.774
318.599
297.474
302.242
314.64
298.679
294.688
302.26
295.968
303.309
304.695
297.108
293.549
316.133
303.0
294.191
305.8
295.311
298.271
308.806
303.536
301.071
288.979
292.294
297.317
300.64
300.758
284.815
300.629
297.793
324.109
302.425
318.667
297.345
310.425
299.007
305.522
303.183
289.401
308.499
304.239
298.766
296.498
302.931
289.8
295.054
296.879
304.885
312.417
301.884
296.998
310.427
299.181
290.811
315.34
306.248
297.836
300.877
287.147
322.764
295.734
312.578
298.297
292.262
308.983
292.646
292.86
296.819
288.326
292.644
289.143
300.318
299.024
306.799
296.012
320.585
302.014
306.214
307.703
305.93
302.995
302.263
310.933
311.809
304.442
297.276
297.915
319.842
313.897
301.864
297.635
305.513
311.785
307.044
302.623
302.569
293.335
296.237
314.998
302.222
320.31
313.803
297.805
312.493
287.931
309.074
288.366
300.681
294.235
316.723
304.001
307.779
294.69
298.658
298.133
302.098
302.493
290.799
300.019
301.362
315.645
301.297
301.956
300.972
309.078
291.978
292.631
287.85
300.526
306.859
320.92
305.417
291.933
299.019
282.43
310.068
298.19
304.122
309.903
302.23
299.198
285.283
298.01
307.424
313.947
301.741
300.153
292.654
310.228
304.734
283.61
302.68
292.255
297.103
296.757
323.826
298.006
284.145
296.987
299.903
303.302
290.698
294.852
292.648
289.342
307.792
319.193
306.174
297.844
309.188
301.726
308.391
311.091
289.221
295.594
306.682
288.531
293.907
296.79
307.152
302.43
291.042
308.706
309.01
296.983
288.548
302.56
304.077
292.175
311.196
304.808
297.133
301.821
293.931
303.932
295.967
288.29
316.37
302.358
292.249
292.347
306.179
299.196
300.142
293.854
310.732
308.571
300.312
300.249
280.051
317.629
294.729
304.839
299.846
305.052
306.384
314.656
310.697
308.866
289.463
304.234
292.936
311.232
304.511
293.598
300.688
284.683
300.51
304.886
300.449
307.11
309.188
310.959
294.349
318.134
303.395
296.69
299.902
301.048
305.143
309.895
295.913
290.671
303.383
294.674
305.736
309.027
310.52
306.441
286.934
304.485
307.773
291.217
313.932
309.971
295.726
296.066
304.391
294.628
292.85
301.781
293.315
303.165
297.634
285.291
308.302
315.413
298.096
310.86
302.766
287.019
295.523
310.388
289.847
280.474
306.944
278.439
294.715
305.036
293.328
323.246
287.468
298.092
294.633
307.814
311.463
312.492
299.649
303.28
308.065
301.638
305.747
297.817
292.837
301.812
297.891
312.331
311.968
300.086
302.887
303.11
304.388
300.79
302.781
294.543
301.098
308.229
303.802
290.703
299.062
306.987
293.107
293.804
294.288
296.318
297.611
306.118
293.91
298.529
304.842
295.461
307.267
301.882
299.391
298.873
307.385
294.208
308.19
294.535
302.276
305.71
306.249
298.901
301.902
287.152
294.836
299.104
307.02
306.857
313.249
306.997
298.514
301.958
319.703
294.811
297.441
302.507
308.131
311.258
300.288
311.623
302.442
312.276
299.163
298.808
298.722
297.833
296.048
307.703
296.841
282.642
305.431
305.54
304.386
309.327
300.156
315.411
309.525
285.375
298.939
309.019
309.176
297.285
294.327
291.163
303.616
324.146
299.733
306.324
298.272
298.239
296.952
289.55
305.286
308.535
295.122
302.617
310.145
301.108
292.207
317.676
290.786
301.711
299.044
299.973
317.624
296.225
294.596
289.136
311.551
297.143
279.348
281.511
299.027
299.516
299.805
309.271
310.6
317.106
313.194
299.844
302.434
298.49
297.016
303.066
304.685
285.123
298.755
299.116
313.931
297.112
301.268
292.957
307.016
299.214
291.116
297.066
286.116
306.252
306.836
298.22
305.659
301.384
307.76
303.149
288.502
296.952
302.773
301.736
297.75
294.388
291.202
307.041
296.791
297.388
288.221
308.445
296.521
313.574
293.321
289.763
291.976
291.591
298.411
305.267
293.851
285.98
288.583
303.942
301.879
310.704
305.776
302.612
301.47
292.963
300.488
290.345
299.085
289.959
296.071
294.073
298.38
299.73
305.02
289.648
303.23
294.614
316.933
308.049
292.997
288.23
302.14
299.667
288.335
298.365
292.182
311.126
297.337
300.34
287.543
305.35
299.859
306.98
303.777
311.179
311.528
301.841
298.505
298.026
320.963
308.189
301.638
302.449
320.121
299.985
305.667
300.219
291.011
316.006
309.71
296.228
300.395
300.373
295.918
294.07
312.015
293.926
313.465
296.777
304.102
304.692
303.549
301.048
312.213
310.021
308.85
296.663
302.624
307.461
296.749
314.479
288.206
292.948
305.84
298.094
305.059
287.224
303.709
297.755
294.963
296.314
302.827
281.87
305.145
300.497
300.141
296.897
289.489
308.851
305.465
291.341
291.644
308.282
294.354
293.851
308.329
311.872
277.741
301.569
302.682
295.752
288.191
302.157
299.693
290.151
306.442
308.102
315.074
302.833
292.139
295.921
304.413
297.976
312.214
299.229
287.936
307.823
313.634
303.9
313.197
296.319
313.056
300.157
282.705
301.394
306.96
290.527
305.217
313.731
305.789
299.907
302.626
292.154
298.223
312.532
296.622
313.091
293.159
307.582
300.742
304.666
290.927
306.456
305.045
304.772
298.143
298.035
310.344
310.41
305.529
299.682
310.315
318.828
303.56
295.607
302.339
301.564
318.391
297.605
311.966
319.479
299.308
301.765
322.322
299.779
299.239
310.235
310.767
290.91
310.795
302.717
310.131
290.604
294.402
290.504
298.11
302.239
300.168
297.057
296.963
312.843
313.093
295.42
306.853
300.714
301.729
290.295
297.297
285.978
296.504
300.74
300.439
289.269
301.411
310.264
318.453
304.111
287.251
310.084
295.353
305.425
299.26
304.79
307.928
295.662
290.955
294.272
301.545
296.59
294.458
309.97
286.358
303.344
288.201
302.266
305.474
311.351
292.678
299.89
307.779
298.226
290.445
307.854
282.987
307.576
301.153
303.827
295.313
301.107
280.035
300.963
302.377
301.263
304.442
298.475
292.677
295.699
304.413
289.794
299.764
306.825
296.129
302.334
295.431
298.474
301.29
320.307
302.411
297.362
305.526
306.448
293.362
297.058
287.795
306.843
314.232
299.655
302.83
312.148
307.925
293.106
306.225
296.176
296.286
307.981
311.479
305.668
292.573
298.535
289.283
291.893
307.648
295.621
287.776
302.494
296.92
300.825
303.745
307.354
294.098
302.818
300.891
291.734
315.974
308.876
299.936
310.813
290.406
302.858
295.399
306.865
298.496
302.705
296.501
313.155
286.047
289.339
287.09
313.141
318.11
293.129
290.899
305.874
309.475
308.565
312.984
302.117
287.198
307.772
296.033
296.601
304.173
286.306
305.686
301.877
310.457
297.612
313.678
286.701
297.664
308.813
298.55
298.32
304.591
296.984
306.277
303.496
293.53
290.207
302.574
313.464
305.74
304.107
285.549
292.49
308.728
298.987
287.57
302.85
300.559
295.713
306.91
320.595
305.417
302.098
299.136
316.683
290.758
302.149
302.053
295.723
301.539
298.663
287.099
285.215
303.948
290.932
294.423
311.534
297.786
303.019
297.069
305.294
303.962
304.062
308.459
301.683
308.72
292.041
287.331
302.135
297.788
303.098
314.855
293.123
302.004
298.786
306.279
288.64
308.228
300.599
299.4
300.502
293.676
305.497
293.317
298.971
301.963
312.351
296.827
308.445
307.794
309.921
311.36
296.452
304.189
303.112
299.481
308.289
300.566
302.679
312.129
300.722
289.45
298.457
300.818
315.889
312.461
288.407
291.08
297.501
290.293
298.217
293.315
294.945
298.427
298.006
287.107
305.392
303.513
296.164
315.586
283.275
299.895
300.894
304.172
300.422
292.09
318.974
299.838
300.759
294.107
302.859
309.144
312.16
318.636
292.871
296.037
295.589
293.361
312.163
298.456
319.219
289.067
299.212
298.388
305.948
299.862
292.279
293.261
299.153
308.676
297.891
304.942
295.858
298.624
296.674
319.307
316.005
299.987
283.647
305.421
290.569
310.13
282.644
309.074
289.421
288.442
291.58
304.762
298.136
312.026
305.643
307.609
292.663
292.878
298.049
286.355
320.517
302.406
310.726
307.509
309.095
300.506
305.642
299.619
313.743
289.935
287.821
309.833
300.454
300.603
286.021
295.723
293.032
305.669
294.657
311.536
303.422
302.828
295.596
296.821
292.656
303.938
292.656
299.014
293.849
302.346
297.75
287.229
290.43
313.472
294.267
318.883
311.729
293.227
310.752
296.702
293.994
296.486
298.162
302.174
293.919
304.304
295.883
307.616
305.576
302.485
301.952
302.124
309.463
298.739
288.141
298.4
284.064
293.446
295.237
305.519
314.245
291.946
311.71
310.344
313.589
279.554
302.16
304.909
299.926
310.992
302.056
297.326
300.695
311.891
302.897
308.247
302.03
306.583
296.185
296.083
291.287
292.479
302.648
299.244
307.404
302.81
310.648
308.489
294.352
297.248
288.775
305.876
286.097
307.282
301.111
295.349
293.73
303.938
297.379
300.974
305.573
302.782
291.657
317.409
310.364
290.466
295.773
300.227
285.932
298.274
314.366
301.013
301.215
301.933
292.288
299.955
295.322
286.828
294.008
316.401
305.645
306.516
302.306
297.279
290.201
297.662
294.975
304.282
299.729
313.205
305.761
308.726
293.73
302.097
309.833
291.018
305.906
304.605
290.558
298.936
295.235
311.828
287.774
308.52
295.019
310.624
300.609
300.917
301.522
299.035
296.358
307.53
297.798
310.574
299.911
317.469
313.882
307.132
294.759
298.826
304.339
299.074
300.514
306.605
310.671
293.565
307.48
300.82
293.189
309.194
303.689
290.681
300.157
295.953
315.74
303.284
293.581
304.003
289.502
298.474
304.398
312.432
302.164
300.723
300.412
292.266
288.543
301.911
301.14
289.849
307.63
292.966
294.88
302.601
291.963
310.496
305.559
308.26
298.195
305.687
303.961
293.361
293.9
302.471
300.964
293.9
307.476
288.832
299.73
301.415
301.56
295.24
321.978
302.472
313.487
311.752
292.379
307.589
286.938
311.473
310.654
288.761
308.209
311.379
286.507
309.64
301.176
316.803
315.533
299.827
308.431
301.237
296.55
303.538
301.704
293.296
298.604
325.491
293.87
286.607
298.81
309.824
323.205
304.236
305.415
295.499
294.178
315.046
301.84
298.608
286.487
310.932
287.545
292.014
315.659
295.726
321.202
305.585
308.115
288.922
280.531
294.416
288.705
292.356
300.109
315.25
291.672
292.292
301.344
295.489
305.579
303.759
297.593
307.64
313.889
310.418
299.296
298.988
289.739
303.42
299.454
297.082
309.699
303.099
307.064
305.42
301.26
295.947
307.916
303.171
296.943
291.269
303.433
300.276
290.897
309.293
302.586
302.991
299.033
313.18
286.705
295.553
304.412
310.442
305.416
302.014
297.914
309.678
291.371
293.831
297.997
295.831
294.37
290.471
298.572
296.866
295.565
294.164
291.252
297.785
296.981
296.897
306.972
303.793
317.655
316.13
313.693
320.381
290.599
317.08
302.477
302.87
291.787
296.194
302.499
298.895
302.573
308.162
286.659
297.988
290.777
299.847
292.334
301.977
297.571
301.949
312.223
292.016
291.96
313.897
298.299
297.064
290.202
294.45
303.014
306.433
302.247
308.477
300.597
304.262
308.717
286.821
309.893
298.354
313.988
301.414
312.223
311.507
295.043
308.949
289.713
294.946
298.671
298.236
316.297
293.699
294.507
298.414
295.317
293.611
302.147
289.214
301.579
292.664
299.476
307.123
306.431
298.568
303.674
296.622
299.496
302.302
286.628
307.944
322.736
289.354
306.793
296.546
283.559
291.13
303.56
302.906
308.583
303.375
299.079
306.654
300.355
288.317
311.734
295.82
292.117
301.127
300.353
297.591
313.38
302.113
306.737
301.944
289.172
298.746
312.018
301.728
311.413
290.818
299.731
300.545
284.627
286.283
290.576
291.641
310.956
312.209
307.434
287.63
314.039
295.716
300.135
289.402
298.188
310.27
307.248
323.575
308.558
291.474
292.81
302.196
310.926
287.311
308.242
304.669
308.769
294.273
303.168
303.707
307.086
303.543
297.123
306.366
306.097
298.64
303.615
309.11
305.251
301.405
301.038
287.506
300.29
309.457
298.352
289.413
299.08
307.613
295.958
310.99
299.818
299.983
299.055
292.085
307.873
292.859
298.16
300.075
298.099
297.242
307.372
297.478
296.301
291.3
304.819
277.502
301.0
294.642
305.203
304.067
303.064
298.795
315.979
298.411
311.252
305.031
291.717
297.529
293.575
301.709
282.759
291.011
300.947
309.244
296.666
306.199
313.792
271.059
296.053
317.401
297.527
300.487
303.926
298.816
313.881
309.178
288.758
299.908
289.573
320.126
292.721
302.555
289.874
302.996
294.801
309.978
295.936
297.108
301.758
302.844
290.952
291.071
316.864
308.49
312.531
290.201
293.182
295.988
302.204
285.709
310.254
301.443
297.348
324.0
295.812
299.635
297.245
291.183
302.543
297.885
292.633
297.425
293.318
305.64
298.048
300.142
295.623
297.417
304.552
309.262
301.327
303.177
298.288
304.889
299.308
297.34
295.958
298.988
297.393
299.545
318.63
298.23
284.927
302.413
293.1
300.585
304.156
288.839
295.586
294.67
313.095
302.789
292.458
306.828
306.846
292.045
295.311
316.419
303.977
308.18
300.819
299.981
294.695
299.875
292.407
300.277
300.322
301.833
314.531
301.127
284.229
303.466
309.806
312.261
316.983
291.157
300.46
309.927
311.636
307.537
316.728
300.71
301.179
294.933
292.022
293.405
303.336
305.49
290.316
291.553
306.348
314.954
306.233
308.322
287.002
301.534
309.476
292.303
308.842
318.174
293.27
301.36
296.366
285.076
295.103
280.721
307.583
305.887
313.259
306.112
312.846
298.92
286.979
300.924
310.212
296.83
313.839
300.682
318.754
301.764
299.105
301.303
294.158
298.228
288.942
326.032
288.047
297.664
303.488
299.328
307.402
304.496
303.287
299.969
306.211
290.34
298.471
297.247
297.878
296.454
295.134
281.354
288.78
303.91
291.024
